x0 = 5
y0 = 6
z0 = 7

MIN = [ 0.21428423  0.10714268  0.03572039]
F min = 0.107142857259
___________________________________________

x0 = 1000
y0 = 2000
z0 = 5000

MIN = [ 0.21428424  0.10714268  0.03572037]
F min = 0.107142857258